-0.421123619623
-11.9977430828
-9.66356396107
-12.052271195
-0.799107279093
-0.346591849631
8.77844653675
7.00590739609
-8.32252407877
0.534729351656
9.98503699641
4.76800937972
6.05014916588
5.62875881152
10.3537006649
10.338705551
0.461774540292
-1.70657024321
7.06493181183
12.1855125106
5.28315284735
0.703364443378
1.02697219774
-22.7570480893
2.98861208702
4.70267689997
4.22098216943
6.81388870716
0.860426955686
-2.66395799201
-4.02338958005
4.59915393959
-2.35875861179
1.54059580647
-1.31790928288
1.53069275179
2.83834118361
-2.80699687896
-2.62897124404
2.28624792487
-3.94936551976
3.97890092118
1.39543976053
-1.72987393257
-0.526170046972
0.671942773721
-1.3158132102
1.72272132464
-1.22520162275
1.12340293801
