-11.0978305756
-3.72670795349
-16.9939439564
-6.55545248311
2.1687531798
-5.96002099479
2.20927543229
2.56661591733
-6.03060306832
-7.29607321718
-0.628627095719
1.92465446489
-0.347401660474
2.11163127048
1.57039647308
0.759891638586
2.55414871467
2.21180777357
-0.0687191335187
-0.576173297943
-9.60568620591
-5.46284873609
-16.3829320546
-6.11317559731
2.90286351357
-6.14411595934
2.94955667092
3.47765382225
-12.8934804349
-9.64741483973
-0.381075769364
3.72960533424
2.32079139158
3.88157039985
3.25181766644
1.18420208332
4.00202997818
2.79248403044
0.01167347326
0.363964773645
-1.23317704007
2.22352327261
-2.42730546533
1.93375539281
-3.2609720137
3.03371720507
-2.6022284726
3.54963858425
-2.41235469064
2.83038511554
-2.15440264307
1.37768496312
-3.89129918833
3.17862197243
-3.06005510035
3.36361250671
-1.76877527922
2.6515115328
-2.18840217287
0.984428265812
